2 60000116 0.464326368969
0 60000117 0.46432636123
0 60000118 0.464326353492
1 60000119 0.464326362419
1 60000120 0.464326371347
0 60000121 0.464326363609
0 60000122 0.46432635587
1 60000123 0.464326364798
0 60000124 0.464326357059
0 60000125 0.46432634932
1 60000126 0.464326358248
0 60000127 0.464326350509
0 60000128 0.46432634277
0 60000129 0.464326335032
0 60000130 0.464326327293
0 60000131 0.464326319554
0 60000132 0.464326311815
0 60000133 0.464326304077
1 60000134 0.464326313005
1 60000135 0.464326321932
1 60000136 0.46432633086
0 60000137 0.464326323122
0 60000138 0.464326315383
0 60000139 0.464326307644
0 60000140 0.464326299905
0 60000141 0.464326292167
0 60000142 0.464326284428
1 60000143 0.464326293356
0 60000144 0.464326285617
1 60000145 0.464326294545
0 60000146 0.464326286806
0 60000147 0.464326279067
2 60000148 0.464326304662
1 60000149 0.46432631359
0 60000150 0.464326305851
0 60000151 0.464326298112
1 60000152 0.46432630704
0 60000153 0.464326299301
2 60000154 0.464326324896
1 60000155 0.464326333824
2 60000156 0.464326359418
2 60000157 0.464326385013
0 60000158 0.464326377274
0 60000159 0.464326369535
0 60000160 0.464326361796
0 60000161 0.464326354058
0 60000162 0.464326346319
0 60000163 0.46432633858
0 60000164 0.464326330841
0 60000165 0.464326323103
0 60000166 0.464326315364
1 60000167 0.464326324292
1 60000168 0.46432633322
0 60000169 0.464326325481
1 60000170 0.464326334409
0 60000171 0.46432632667
0 60000172 0.464326318931
0 60000173 0.464326311192
0 60000174 0.464326303454
1 60000175 0.464326312382
0 60000176 0.464326304643
2 60000177 0.464326330237
0 60000178 0.464326322499
1 60000179 0.464326331426
2 60000180 0.464326357021
0 60000181 0.464326349282
0 60000182 0.464326341543
0 60000183 0.464326333805
1 60000184 0.464326342733
0 60000185 0.464326334994
1 60000186 0.464326343922
0 60000187 0.464326336183
0 60000188 0.464326328444
0 60000189 0.464326320705
1 60000190 0.464326329633
0 60000191 0.464326321895
2 60000192 0.464326347489
1 60000193 0.464326356417
1 60000194 0.464326365345
0 60000195 0.464326357606
1 60000196 0.464326366534
0 60000197 0.464326358795
0 60000198 0.464326351056
0 60000199 0.464326343318
0 60000200 0.464326335579
2 60000201 0.464326361173
0 60000202 0.464326353435
0 60000203 0.464326345696
0 60000204 0.464326337957
1 60000205 0.464326346885
0 60000206 0.464326339146
2 60000207 0.464326364741
1 60000208 0.464326373669
1 60000209 0.464326382596
0 60000210 0.464326374858
0 60000211 0.464326367119
0 60000212 0.46432635938
1 60000213 0.464326368308
0 60000214 0.464326360569
0 60000215 0.464326352831
1 60000216 0.464326361758
0 60000217 0.46432635402
1 60000218 0.464326362948
0 60000219 0.464326355209
1 60000220 0.464326364137
0 60000221 0.464326356398
0 60000222 0.464326348659
0 60000223 0.46432634092
0 60000224 0.464326333182
0 60000225 0.464326325443
1 60000226 0.464326334371
0 60000227 0.464326326632
0 60000228 0.464326318893
0 60000229 0.464326311155
1 60000230 0.464326320082
0 60000231 0.464326312344
0 60000232 0.464326304605
0 60000233 0.464326296866
0 60000234 0.464326289127
0 60000235 0.464326281389
1 60000236 0.464326290317
0 60000237 0.464326282578
0 60000238 0.464326274839
0 60000239 0.4643262671
1 60000240 0.464326276028
1 60000241 0.464326284956
1 60000242 0.464326293884
2 60000243 0.464326319478
0 60000244 0.46432631174
1 60000245 0.464326320668
1 60000246 0.464326329595
0 60000247 0.464326321857
1 60000248 0.464326330784
0 60000249 0.464326323046
1 60000250 0.464326331974
0 60000251 0.464326324235
0 60000252 0.464326316496
2 60000253 0.464326342091
0 60000254 0.464326334352
1 60000255 0.46432634328
1 60000256 0.464326352208
2 60000257 0.464326377802
2 60000258 0.464326403396
1 60000259 0.464326412324
1 60000260 0.464326421252
0 60000261 0.464326413513
1 60000262 0.464326422441
0 60000263 0.464326414703
0 60000264 0.464326406964
0 60000265 0.464326399225
1 60000266 0.464326408153
1 60000267 0.464326417081
0 60000268 0.464326409342
1 60000269 0.46432641827
0 60000270 0.464326410531
1 60000271 0.464326419459
0 60000272 0.46432641172
0 60000273 0.464326403982
0 60000274 0.464326396243
1 60000275 0.464326405171
0 60000276 0.464326397432
0 60000277 0.464326389693
0 60000278 0.464326381954
0 60000279 0.464326374216
0 60000280 0.464326366477
0 60000281 0.464326358738
2 60000282 0.464326384333
0 60000283 0.464326376594
0 60000284 0.464326368855
2 60000285 0.46432639445
0 60000286 0.464326386711
1 60000287 0.464326395639
2 60000288 0.464326421233
0 60000289 0.464326413494
2 60000290 0.464326439089
0 60000291 0.46432643135
0 60000292 0.464326423611
1 60000293 0.464326432539
0 60000294 0.464326424801
0 60000295 0.464326417062
0 60000296 0.464326409323
0 60000297 0.464326401584
0 60000298 0.464326393846
0 60000299 0.464326386107
0 60000300 0.464326378368
0 60000301 0.464326370629
0 60000302 0.464326362891
0 60000303 0.464326355152
0 60000304 0.464326347413
2 60000305 0.464326373008
0 60000306 0.464326365269
0 60000307 0.46432635753
1 60000308 0.464326366458
1 60000309 0.464326375386
1 60000310 0.464326384314
0 60000311 0.464326376575
0 60000312 0.464326368836
0 60000313 0.464326361097
0 60000314 0.464326353359
0 60000315 0.46432634562
1 60000316 0.464326354548
0 60000317 0.464326346809
1 60000318 0.464326355737
0 60000319 0.464326347998
0 60000320 0.46432634026
1 60000321 0.464326349187
0 60000322 0.464326341449
0 60000323 0.46432633371
0 60000324 0.464326325971
1 60000325 0.464326334899
1 60000326 0.464326343827
0 60000327 0.464326336088
0 60000328 0.464326328349
0 60000329 0.464326320611
0 60000330 0.464326312872
0 60000331 0.464326305133
0 60000332 0.464326297394
0 60000333 0.464326289656
1 60000334 0.464326298584
0 60000335 0.464326290845
0 60000336 0.464326283106
0 60000337 0.464326275367
1 60000338 0.464326284295
0 60000339 0.464326276557
0 60000340 0.464326268818
1 60000341 0.464326277746
0 60000342 0.464326270007
1 60000343 0.464326278935
0 60000344 0.464326271196
1 60000345 0.464326280124
1 60000346 0.464326289052
0 60000347 0.464326281313
1 60000348 0.464326290241
0 60000349 0.464326282502
0 60000350 0.464326274763
0 60000351 0.464326267025
1 60000352 0.464326275953
0 60000353 0.464326268214
1 60000354 0.464326277142
0 60000355 0.464326269403
0 60000356 0.464326261664
0 60000357 0.464326253925
1 60000358 0.464326262853
1 60000359 0.464326271781
0 60000360 0.464326264042
1 60000361 0.46432627297
0 60000362 0.464326265232
1 60000363 0.464326274159
0 60000364 0.464326266421
0 60000365 0.464326258682
0 60000366 0.464326250943
0 60000367 0.464326243204
0 60000368 0.464326235466
1 60000369 0.464326244394
1 60000370 0.464326253321
1 60000371 0.464326262249
0 60000372 0.464326254511
1 60000373 0.464326263438
0 60000374 0.4643262557
1 60000375 0.464326264628
0 60000376 0.464326256889
0 60000377 0.46432624915
1 60000378 0.464326258078
1 60000379 0.464326267006
1 60000380 0.464326275934
1 60000381 0.464326284861
1 60000382 0.464326293789
0 60000383 0.464326286051
0 60000384 0.464326278312
0 60000385 0.464326270573
0 60000386 0.464326262834
0 60000387 0.464326255096
0 60000388 0.464326247357
0 60000389 0.464326239618
0 60000390 0.464326231879
0 60000391 0.464326224141
0 60000392 0.464326216402
0 60000393 0.464326208663
1 60000394 0.464326217591
1 60000395 0.464326226519
0 60000396 0.46432621878
3 60000397 0.464326261041
0 60000398 0.464326253303
1 60000399 0.46432626223
0 60000400 0.464326254492
0 60000401 0.464326246753
1 60000402 0.464326255681
0 60000403 0.464326247942
0 60000404 0.464326240203
0 60000405 0.464326232465
1 60000406 0.464326241392
2 60000407 0.464326266987
0 60000408 0.464326259248
0 60000409 0.464326251509
2 60000410 0.464326277104
1 60000411 0.464326286032
1 60000412 0.464326294959
0 60000413 0.464326287221
0 60000414 0.464326279482
1 60000415 0.46432628841
0 60000416 0.464326280671
1 60000417 0.464326289599
1 60000418 0.464326298527
0 60000419 0.464326290788
0 60000420 0.464326283049
0 60000421 0.464326275311
0 60000422 0.464326267572
2 60000423 0.464326293166
1 60000424 0.464326302094
1 60000425 0.464326311022
0 60000426 0.464326303283
1 60000427 0.464326312211
0 60000428 0.464326304472
1 60000429 0.4643263134
0 60000430 0.464326305661
0 60000431 0.464326297923
0 60000432 0.464326290184
1 60000433 0.464326299112
0 60000434 0.464326291373
0 60000435 0.464326283634
0 60000436 0.464326275896
0 60000437 0.464326268157
0 60000438 0.464326260418
0 60000439 0.46432625268
0 60000440 0.464326244941
0 60000441 0.464326237202
1 60000442 0.46432624613
0 60000443 0.464326238391
0 60000444 0.464326230653
0 60000445 0.464326222914
1 60000446 0.464326231842
0 60000447 0.464326224103
0 60000448 0.464326216364
0 60000449 0.464326208626
0 60000450 0.464326200887
1 60000451 0.464326209815
1 60000452 0.464326218742
1 60000453 0.46432622767
0 60000454 0.464326219932
0 60000455 0.464326212193
0 60000456 0.464326204454
0 60000457 0.464326196715
0 60000458 0.464326188977
0 60000459 0.464326181238
0 60000460 0.464326173499
0 60000461 0.464326165761
0 60000462 0.464326158022
1 60000463 0.46432616695
0 60000464 0.464326159211
0 60000465 0.464326151472
0 60000466 0.464326143734
1 60000467 0.464326152661
0 60000468 0.464326144923
0 60000469 0.464326137184
1 60000470 0.464326146112
0 60000471 0.464326138373
0 60000472 0.464326130634
0 60000473 0.464326122896
1 60000474 0.464326131824
1 60000475 0.464326140751
1 60000476 0.464326149679
0 60000477 0.464326141941
1 60000478 0.464326150868
1 60000479 0.464326159796
0 60000480 0.464326152057
0 60000481 0.464326144319
1 60000482 0.464326153247
2 60000483 0.464326178841
1 60000484 0.464326187769
0 60000485 0.46432618003
2 60000486 0.464326205624
0 60000487 0.464326197886
0 60000488 0.464326190147
1 60000489 0.464326199075
0 60000490 0.464326191336
0 60000491 0.464326183597
0 60000492 0.464326175859
0 60000493 0.46432616812
0 60000494 0.464326160381
2 60000495 0.464326185976
0 60000496 0.464326178237
0 60000497 0.464326170498
0 60000498 0.46432616276
0 60000499 0.464326155021
0 60000500 0.464326147282
0 60000501 0.464326139543
1 60000502 0.464326148471
0 60000503 0.464326140733
1 60000504 0.46432614966
0 60000505 0.464326141922
0 60000506 0.464326134183
0 60000507 0.464326126444
1 60000508 0.464326135372
0 60000509 0.464326127633
0 60000510 0.464326119895
0 60000511 0.464326112156
1 60000512 0.464326121084
0 60000513 0.464326113345
0 60000514 0.464326105606
1 60000515 0.464326114534
0 60000516 0.464326106795
1 60000517 0.464326115723
0 60000518 0.464326107985
0 60000519 0.464326100246
0 60000520 0.464326092507
0 60000521 0.464326084768
0 60000522 0.46432607703
1 60000523 0.464326085958
0 60000524 0.464326078219
0 60000525 0.46432607048
0 60000526 0.464326062742
0 60000527 0.464326055003
1 60000528 0.464326063931
1 60000529 0.464326072858
1 60000530 0.464326081786
0 60000531 0.464326074048
0 60000532 0.464326066309
0 60000533 0.46432605857
0 60000534 0.464326050831
0 60000535 0.464326043093
1 60000536 0.464326052021
0 60000537 0.464326044282
0 60000538 0.464326036543
0 60000539 0.464326028805
0 60000540 0.464326021066
1 60000541 0.464326029994
3 60000542 0.464326072254
0 60000543 0.464326064516
1 60000544 0.464326073444
0 60000545 0.464326065705
1 60000546 0.464326074633
1 60000547 0.464326083561
1 60000548 0.464326092488
2 60000549 0.464326118083
0 60000550 0.464326110344
0 60000551 0.464326102605
2 60000552 0.4643261282
0 60000553 0.464326120461
2 60000554 0.464326146055
0 60000555 0.464326138317
1 60000556 0.464326147244
0 60000557 0.464326139506
0 60000558 0.464326131767
0 60000559 0.464326124028
0 60000560 0.46432611629
0 60000561 0.464326108551
0 60000562 0.464326100812
1 60000563 0.46432610974
0 60000564 0.464326102001
0 60000565 0.464326094263
0 60000566 0.464326086524
0 60000567 0.464326078785
0 60000568 0.464326071047
0 60000569 0.464326063308
1 60000570 0.464326072236
1 60000571 0.464326081163
1 60000572 0.464326090091
0 60000573 0.464326082353
0 60000574 0.464326074614
0 60000575 0.464326066875
0 60000576 0.464326059136
0 60000577 0.464326051398
0 60000578 0.464326043659
1 60000579 0.464326052587
0 60000580 0.464326044848
0 60000581 0.46432603711
0 60000582 0.464326029371
0 60000583 0.464326021632
1 60000584 0.46432603056
0 60000585 0.464326022821
1 60000586 0.464326031749
1 60000587 0.464326040677
0 60000588 0.464326032938
1 60000589 0.464326041866
0 60000590 0.464326034127
0 60000591 0.464326026389
0 60000592 0.46432601865
0 60000593 0.464326010911
0 60000594 0.464326003173
0 60000595 0.464325995434
0 60000596 0.464325987695
0 60000597 0.464325979956
0 60000598 0.464325972218
0 60000599 0.464325964479
0 60000600 0.46432595674
0 60000601 0.464325949002
1 60000602 0.46432595793
0 60000603 0.464325950191
0 60000604 0.464325942452
0 60000605 0.464325934713
1 60000606 0.464325943641
0 60000607 0.464325935903
0 60000608 0.464325928164
0 60000609 0.464325920425
0 60000610 0.464325912687
1 60000611 0.464325921614
0 60000612 0.464325913876
0 60000613 0.464325906137
1 60000614 0.464325915065
1 60000615 0.464325923993
1 60000616 0.46432593292
0 60000617 0.464325925182
0 60000618 0.464325917443
1 60000619 0.464325926371
0 60000620 0.464325918632
0 60000621 0.464325910893
0 60000622 0.464325903155
0 60000623 0.464325895416
0 60000624 0.464325887677
2 60000625 0.464325913272
0 60000626 0.464325905533
0 60000627 0.464325897794
0 60000628 0.464325890056
0 60000629 0.464325882317
0 60000630 0.464325874578
0 60000631 0.46432586684
2 60000632 0.464325892434
0 60000633 0.464325884695
0 60000634 0.464325876957
1 60000635 0.464325885884
0 60000636 0.464325878146
3 60000637 0.464325920406
0 60000638 0.464325912668
0 60000639 0.464325904929
1 60000640 0.464325913857
0 60000641 0.464325906118
0 60000642 0.46432589838
0 60000643 0.464325890641
0 60000644 0.464325882902
1 60000645 0.46432589183
0 60000646 0.464325884091
2 60000647 0.464325909686
0 60000648 0.464325901947
0 60000649 0.464325894208
1 60000650 0.464325903136
1 60000651 0.464325912064
2 60000652 0.464325937658
0 60000653 0.464325929919
0 60000654 0.464325922181
1 60000655 0.464325931109
0 60000656 0.46432592337
1 60000657 0.464325932298
0 60000658 0.464325924559
0 60000659 0.46432591682
0 60000660 0.464325909082
1 60000661 0.464325918009
0 60000662 0.464325910271
0 60000663 0.464325902532
1 60000664 0.46432591146
1 60000665 0.464325920388
0 60000666 0.464325912649
1 60000667 0.464325921577
0 60000668 0.464325913838
1 60000669 0.464325922766
1 60000670 0.464325931694
0 60000671 0.464325923955
0 60000672 0.464325916216
0 60000673 0.464325908478
1 60000674 0.464325917406
2 60000675 0.464325943
0 60000676 0.464325935261
2 60000677 0.464325960855
0 60000678 0.464325953117
0 60000679 0.464325945378
0 60000680 0.464325937639
0 60000681 0.464325929901
0 60000682 0.464325922162
0 60000683 0.464325914423
0 60000684 0.464325906685
0 60000685 0.464325898946
1 60000686 0.464325907874
1 60000687 0.464325916802
1 60000688 0.464325925729
0 60000689 0.464325917991
1 60000690 0.464325926919
1 60000691 0.464325935846
0 60000692 0.464325928108
0 60000693 0.464325920369
0 60000694 0.46432591263
1 60000695 0.464325921558
1 60000696 0.464325930486
0 60000697 0.464325922747
1 60000698 0.464325931675
1 60000699 0.464325940603
0 60000700 0.464325932864
0 60000701 0.464325925125
0 60000702 0.464325917387
0 60000703 0.464325909648
1 60000704 0.464325918576
0 60000705 0.464325910837
1 60000706 0.464325919765
1 60000707 0.464325928693
0 60000708 0.464325920954
0 60000709 0.464325913215
0 60000710 0.464325905477
0 60000711 0.464325897738
0 60000712 0.464325889999
0 60000713 0.464325882261
0 60000714 0.464325874522
0 60000715 0.464325866783
0 60000716 0.464325859045
0 60000717 0.464325851306
2 60000718 0.4643258769
1 60000719 0.464325885828
0 60000720 0.464325878089
0 60000721 0.464325870351
1 60000722 0.464325879279
1 60000723 0.464325888206
0 60000724 0.464325880468
0 60000725 0.464325872729
1 60000726 0.464325881657
0 60000727 0.464325873918
0 60000728 0.464325866179
0 60000729 0.464325858441
0 60000730 0.464325850702
1 60000731 0.46432585963
0 60000732 0.464325851891
0 60000733 0.464325844153
0 60000734 0.464325836414
2 60000735 0.464325862008
0 60000736 0.46432585427
0 60000737 0.464325846531
1 60000738 0.464325855459
0 60000739 0.46432584772
1 60000740 0.464325856648
0 60000741 0.464325848909
1 60000742 0.464325857837
1 60000743 0.464325866765
1 60000744 0.464325875692
0 60000745 0.464325867954
0 60000746 0.464325860215
1 60000747 0.464325869143
0 60000748 0.464325861404
0 60000749 0.464325853666
0 60000750 0.464325845927
1 60000751 0.464325854855
0 60000752 0.464325847116
0 60000753 0.464325839377
0 60000754 0.464325831639
1 60000755 0.464325840567
0 60000756 0.464325832828
1 60000757 0.464325841756
0 60000758 0.464325834017
0 60000759 0.464325826278
0 60000760 0.46432581854
0 60000761 0.464325810801
0 60000762 0.464325803062
0 60000763 0.464325795324
1 60000764 0.464325804251
0 60000765 0.464325796513
1 60000766 0.464325805441
1 60000767 0.464325814368
0 60000768 0.46432580663
0 60000769 0.464325798891
0 60000770 0.464325791152
0 60000771 0.464325783414
0 60000772 0.464325775675
0 60000773 0.464325767936
1 60000774 0.464325776864
2 60000775 0.464325802458
1 60000776 0.464325811386
1 60000777 0.464325820314
1 60000778 0.464325829242
0 60000779 0.464325821503
0 60000780 0.464325813764
1 60000781 0.464325822692
1 60000782 0.46432583162
1 60000783 0.464325840548
1 60000784 0.464325849476
1 60000785 0.464325858403
0 60000786 0.464325850665
0 60000787 0.464325842926
1 60000788 0.464325851854
2 60000789 0.464325877448
1 60000790 0.464325886376
0 60000791 0.464325878637
0 60000792 0.464325870899
1 60000793 0.464325879826
0 60000794 0.464325872088
1 60000795 0.464325881015
0 60000796 0.464325873277
1 60000797 0.464325882205
0 60000798 0.464325874466
0 60000799 0.464325866727
1 60000800 0.464325875655
0 60000801 0.464325867916
1 60000802 0.464325876844
1 60000803 0.464325885772
0 60000804 0.464325878033
0 60000805 0.464325870295
0 60000806 0.464325862556
1 60000807 0.464325871484
0 60000808 0.464325863745
0 60000809 0.464325856006
0 60000810 0.464325848268
0 60000811 0.464325840529
0 60000812 0.46432583279
1 60000813 0.464325841718
1 60000814 0.464325850646
0 60000815 0.464325842907
1 60000816 0.464325851835
0 60000817 0.464325844096
0 60000818 0.464325836358
0 60000819 0.464325828619
0 60000820 0.46432582088
0 60000821 0.464325813142
0 60000822 0.464325805403
2 60000823 0.464325830997
0 60000824 0.464325823259
0 60000825 0.46432581552
1 60000826 0.464325824448
0 60000827 0.464325816709
1 60000828 0.464325825637
1 60000829 0.464325834565
0 60000830 0.464325826826
0 60000831 0.464325819087
1 60000832 0.464325828015
0 60000833 0.464325820277
0 60000834 0.464325812538
0 60000835 0.464325804799
1 60000836 0.464325813727
0 60000837 0.464325805988
0 60000838 0.46432579825
0 60000839 0.464325790511
0 60000840 0.464325782772
1 60000841 0.4643257917
2 60000842 0.464325817294
0 60000843 0.464325809556
1 60000844 0.464325818483
0 60000845 0.464325810745
1 60000846 0.464325819673
0 60000847 0.464325811934
0 60000848 0.464325804195
0 60000849 0.464325796457
0 60000850 0.464325788718
1 60000851 0.464325797646
1 60000852 0.464325806574
0 60000853 0.464325798835
0 60000854 0.464325791096
1 60000855 0.464325800024
1 60000856 0.464325808952
0 60000857 0.464325801213
0 60000858 0.464325793474
0 60000859 0.464325785736
0 60000860 0.464325777997
0 60000861 0.464325770259
0 60000862 0.46432576252
1 60000863 0.464325771448
1 60000864 0.464325780375
0 60000865 0.464325772637
0 60000866 0.464325764898
0 60000867 0.464325757159
0 60000868 0.464325749421
0 60000869 0.464325741682
0 60000870 0.464325733944
1 60000871 0.464325742871
2 60000872 0.464325768465
1 60000873 0.464325777393
0 60000874 0.464325769655
0 60000875 0.464325761916
0 60000876 0.464325754177
0 60000877 0.464325746439
0 60000878 0.4643257387
0 60000879 0.464325730961
0 60000880 0.464325723223
1 60000881 0.46432573215
1 60000882 0.464325741078
2 60000883 0.464325766672
1 60000884 0.4643257756
1 60000885 0.464325784528
0 60000886 0.464325776789
0 60000887 0.464325769051
0 60000888 0.464325761312
1 60000889 0.46432577024
0 60000890 0.464325762501
0 60000891 0.464325754763
1 60000892 0.46432576369
0 60000893 0.464325755952
0 60000894 0.464325748213
0 60000895 0.464325740474
1 60000896 0.464325749402
2 60000897 0.464325774996
0 60000898 0.464325767258
1 60000899 0.464325776185
1 60000900 0.464325785113
0 60000901 0.464325777375
0 60000902 0.464325769636
0 60000903 0.464325761897
1 60000904 0.464325770825
0 60000905 0.464325763086
0 60000906 0.464325755348
0 60000907 0.464325747609
1 60000908 0.464325756537
1 60000909 0.464325765465
1 60000910 0.464325774392
0 60000911 0.464325766654
1 60000912 0.464325775582
0 60000913 0.464325767843
0 60000914 0.464325760104
1 60000915 0.464325769032
1 60000916 0.46432577796
1 60000917 0.464325786888
0 60000918 0.464325779149
0 60000919 0.46432577141
1 60000920 0.464325780338
0 60000921 0.464325772599
0 60000922 0.464325764861
0 60000923 0.464325757122
0 60000924 0.464325749383
0 60000925 0.464325741645
0 60000926 0.464325733906
1 60000927 0.464325742834
1 60000928 0.464325751762
0 60000929 0.464325744023
0 60000930 0.464325736284
1 60000931 0.464325745212
0 60000932 0.464325737474
2 60000933 0.464325763068
0 60000934 0.464325755329
0 60000935 0.46432574759
0 60000936 0.464325739852
1 60000937 0.46432574878
0 60000938 0.464325741041
0 60000939 0.464325733302
3 60000940 0.464325775563
1 60000941 0.464325784491
1 60000942 0.464325793418
1 60000943 0.464325802346
0 60000944 0.464325794607
1 60000945 0.464325803535
0 60000946 0.464325795797
2 60000947 0.464325821391
1 60000948 0.464325830319
0 60000949 0.46432582258
2 60000950 0.464325848174
0 60000951 0.464325840435
0 60000952 0.464325832697
0 60000953 0.464325824958
1 60000954 0.464325833886
1 60000955 0.464325842814
1 60000956 0.464325851741
0 60000957 0.464325844003
0 60000958 0.464325836264
0 60000959 0.464325828526
0 60000960 0.464325820787
1 60000961 0.464325829715
1 60000962 0.464325838642
0 60000963 0.464325830904
0 60000964 0.464325823165
2 60000965 0.464325848759
1 60000966 0.464325857687
1 60000967 0.464325866615
0 60000968 0.464325858876
0 60000969 0.464325851138
0 60000970 0.464325843399
0 60000971 0.46432583566
0 60000972 0.464325827922
0 60000973 0.464325820183
0 60000974 0.464325812444
2 60000975 0.464325838038
0 60000976 0.4643258303
0 60000977 0.464325822561
0 60000978 0.464325814823
0 60000979 0.464325807084
0 60000980 0.464325799345
1 60000981 0.464325808273
1 60000982 0.464325817201
0 60000983 0.464325809462
1 60000984 0.46432581839
0 60000985 0.464325810651
0 60000986 0.464325802913
0 60000987 0.464325795174
1 60000988 0.464325804102
1 60000989 0.46432581303
1 60000990 0.464325821957
0 60000991 0.464325814219
0 60000992 0.46432580648
1 60000993 0.464325815408
1 60000994 0.464325824336
1 60000995 0.464325833263
1 60000996 0.464325842191
0 60000997 0.464325834452
0 60000998 0.464325826714
0 60000999 0.464325818975
0 60001000 0.464325811236
0 60001001 0.464325803498
1 60001002 0.464325812426
1 60001003 0.464325821353
2 60001004 0.464325846947
0 60001005 0.464325839209
0 60001006 0.46432583147
2 60001007 0.464325857064
0 60001008 0.464325849326
0 60001009 0.464325841587
1 60001010 0.464325850515
1 60001011 0.464325859443
2 60001012 0.464325885037
0 60001013 0.464325877298
1 60001014 0.464325886226
1 60001015 0.464325895154
0 60001016 0.464325887415
0 60001017 0.464325879676
0 60001018 0.464325871938
0 60001019 0.464325864199
0 60001020 0.46432585646
0 60001021 0.464325848722
0 60001022 0.464325840983
0 60001023 0.464325833245
1 60001024 0.464325842172
0 60001025 0.464325834434
1 60001026 0.464325843361
0 60001027 0.464325835623
0 60001028 0.464325827884
1 60001029 0.464325836812
1 60001030 0.46432584574
0 60001031 0.464325838001
0 60001032 0.464325830262
2 60001033 0.464325855857
0 60001034 0.464325848118
0 60001035 0.464325840379
2 60001036 0.464325865973
1 60001037 0.464325874901
0 60001038 0.464325867162
0 60001039 0.464325859424
1 60001040 0.464325868352
1 60001041 0.464325877279
1 60001042 0.464325886207
2 60001043 0.464325911801
1 60001044 0.464325920729
0 60001045 0.46432591299
1 60001046 0.464325921918
0 60001047 0.464325914179
0 60001048 0.464325906441
1 60001049 0.464325915369
0 60001050 0.46432590763
2 60001051 0.464325933224
0 60001052 0.464325925485
1 60001053 0.464325934413
1 60001054 0.464325943341
0 60001055 0.464325935602
0 60001056 0.464325927864
0 60001057 0.464325920125
1 60001058 0.464325929053
1 60001059 0.464325937981
0 60001060 0.464325930242
0 60001061 0.464325922503
0 60001062 0.464325914765
1 60001063 0.464325923692
0 60001064 0.464325915954
0 60001065 0.464325908215
0 60001066 0.464325900477
0 60001067 0.464325892738
0 60001068 0.464325884999
1 60001069 0.464325893927
0 60001070 0.464325886188
1 60001071 0.464325895116
0 60001072 0.464325887377
0 60001073 0.464325879639
1 60001074 0.464325888567
0 60001075 0.464325880828
0 60001076 0.464325873089
0 60001077 0.464325865351
0 60001078 0.464325857612
2 60001079 0.464325883206
0 60001080 0.464325875468
0 60001081 0.464325867729
2 60001082 0.464325893323
0 60001083 0.464325885584
0 60001084 0.464325877846
0 60001085 0.464325870107
1 60001086 0.464325879035
0 60001087 0.464325871296
0 60001088 0.464325863558
2 60001089 0.464325889152
2 60001090 0.464325914746
1 60001091 0.464325923674
0 60001092 0.464325915935
0 60001093 0.464325908196
1 60001094 0.464325917124
0 60001095 0.464325909385
1 60001096 0.464325918313
1 60001097 0.464325927241
0 60001098 0.464325919502
0 60001099 0.464325911764
0 60001100 0.464325904025
0 60001101 0.464325896286
0 60001102 0.464325888548
0 60001103 0.464325880809
0 60001104 0.464325873071
0 60001105 0.464325865332
0 60001106 0.464325857593
1 60001107 0.464325866521
1 Traceback (most recent call last):
  File "C:\Users\Gutz\Desktop\Coursera\Project Euler\151 Paper sheets of standard
 sizes- an expected-value problem.py", line 112, in <module>
    print outcome, scenario, total / float(scenario)
KeyboardInterrupt

C:\Users\Gutz\Desktop\Coursera\Project Euler
?